3.121313
3.583329
3.929203
4.816743
4.991066
5.06017
5.102924
5.170137
5.191021
5.336511
5.357058
5.382238
5.478168
5.556983
5.567809
5.630753
5.685621
5.707042
5.748224
5.756813
5.775718
5.853163
5.909459
5.936579
5.964479
6.033862
6.084343
6.25135
6.255437
6.272744
6.279742
6.334162
6.338433
6.411428
6.420551
6.458434
6.596659
6.616804
6.631661
6.698125
6.750145
6.755993
6.776933
6.817882
7.155682
7.284346
7.426192
7.595241
7.628406
7.641092
7.812983
7.818868
7.823298
8.047415
8.091321
8.095519
8.305908
8.388556
8.523915
8.549776
8.635854
8.688958
8.794489
8.812316
8.856464
9.136987
9.303528
9.356855
9.406241
9.458173
9.555459
9.568004
9.591555
9.628102
9.678913
9.954356
9.986036
10.02355
10.14987
10.62375
10.75644
10.76254
10.87305
10.94487
11.08895
11.36796
11.77777
11.98613
12.02853
12.0811
12.21447
12.906
12.94066
12.99555
13.95583
14.02937
14.78266
15.34168
15.43985
16.09795
16.9561
17.67541
17.90472
19.90691
22.6835
25.55657
26.81479
27.14908
28.01951
28.14186
28.51898
28.80005
29.07367
29.1143
29.18034
29.19384
29.29536
29.71658
29.75183
29.8925
29.99261
30.03414
30.04772
30.17188
30.17219
30.27511
30.29426
30.38957
30.43879
30.44964
30.57203
30.63829
30.64859
30.66995
30.6786
30.68218
30.69897
30.721
30.8185
30.83144
30.84317
30.92126
31.00406
31.01605
31.06217
31.0883
31.09881
31.1122
31.11416
31.22495
31.23252
31.35096
31.37937
31.40078
31.4424
31.44437
31.46484
31.55252
31.57555
31.69382
31.73269
31.84286
31.95824
32.01926
32.0378
32.06443
32.14681
32.15737
32.15814
32.18572
32.30547
32.32681
32.38766
32.41457
32.46105
32.49115
32.51118
32.5415
32.61748
32.68984
32.77374
32.8138
32.90018
32.91325
33.03333
33.06912
33.10467
33.11401
33.15505
33.18304
33.32542
33.32579
33.33248
33.34227
33.43624
33.72445
33.77713
33.89367
33.9036
34.00849
34.09014
34.15596
34.22899
34.31194
34.34299
34.524
34.5896
34.60625
34.62396
34.71009
34.83337
34.93962
34.94939
35.14517
35.23493
35.30115
35.35727
35.48371
35.54271
35.55983
35.73425
36.08498
36.12303
36.36987
36.39848
36.45739
36.53758
39.06369
43.30754
44.07921
44.4388
44.44338
45.8856
46.75523
47.06248
47.76464
47.98569
49.4074
49.82265
51.43132
51.75588
52.05939
52.08155
52.18628
52.997
53.01225
53.08989
53.22706
53.27486
53.36364
53.53355
53.58135
53.83308
53.85202
53.98317
54.02688
54.07222
54.10789
54.13421
54.15137
54.21377
54.23463
54.26278
54.2949
54.31666
54.3223
54.35173
54.52193
54.53956
54.57836
54.61987
54.66019
54.66843
54.70077
54.72627
54.7871
54.78989
54.80758
54.94504
54.95569
55.00829
55.11449
55.20611
55.21044
55.29059
55.40341
55.61632
55.71706
55.77997
55.85357
55.95848
56.01067
56.06343
56.0866
56.19525
56.20628
56.23713
56.304
56.32264
56.3866
56.47549
56.55247
56.68871
56.72713
56.78205
56.7865
56.86993
56.93821
56.94175
56.97248
57.02837
57.0315
57.06284
57.10227
57.10352
57.1544
57.17482
57.19676
57.26195
57.3465
57.34818
57.41055
57.58465
57.63054
57.64597
57.73267
57.75641
57.88729
57.88956
57.96686
58.07346
58.60808
58.6488
58.85286
58.8745
58.96049
59.02644
59.37963
59.69669
59.75479
59.85171
59.87307
59.99363
60.13094
60.85535
61.00387
61.02183
61.38027
61.48021
61.62909
62.00301
62.12663
62.20243
62.40303
62.41197
62.44717
62.66417
63.09057
64.017
64.05555
64.18371
64.44592
64.50668
64.54439
64.8155
65.41353
65.43601
65.74148
66.56481
66.68556
67.84758
67.98825
68.09491
68.18608
68.73126
68.78277
68.99381
69.03011
69.14649
69.65712
69.86045
70.75812
71.13165
71.90031
72.55835
72.99051
73.27901
73.30521
74.56696
77.33472
77.60842
77.67325
77.952
77.95856
78.00112
78.14146
78.19422
78.22391
78.25175
78.31223
78.44513
78.51081
78.64712
78.65252
78.66047
78.8954
78.97679
79.08509
79.09934
79.13234
79.21879
79.22052
79.31443
79.464
79.516
79.54535
79.56479
79.67813
79.72608
79.74557
79.77324
79.79548
79.86231
79.87155
80.03979
80.14105
80.15773
80.24037
80.34522
80.4399
80.44515
80.49539
80.56432
80.56627
80.57766
80.63036
80.69134
80.77057
80.78668
80.79593
80.82406
80.83923
80.92064
80.93462
80.93996
81.01621
81.06258
81.06575
81.08675
81.09295
81.2318
81.29261
81.29819
81.33383
81.36894
81.39349
81.3986
81.57432
81.57685
81.61803
81.65925
81.66337
81.67754
81.69519
81.74324
81.74424
81.8652
81.87441
81.88885
81.91511
81.98148
82.00605
82.05771
82.07384
82.0959
82.09764
82.10873
82.16394
82.23892
82.26802
82.35345
82.40301
82.44142
82.45951
82.52244
82.57027
82.67793
82.75797
82.79914
82.80041
82.81956
82.83155
82.89905
82.96811
82.99626
82.99794
83.0002
83.05974
83.08424
83.10999
83.16415
83.2151
83.21608
83.22164
83.23244
83.28873
83.33052
83.37446
83.40693
83.45205
83.47528
83.49569
83.56299
83.57846
83.61601
83.62741
83.71441
83.81839
83.83472
83.90094
83.95835
83.96036
84.02032
84.09556
84.23627
84.2976
84.3847
84.4226
84.46095
84.56496
84.57926
84.65282
84.88652
84.9716
85.0002
85.01666
85.03674
85.10919
85.12487
85.24817
85.24977
85.37064
85.39028
85.51902
85.70473
85.82485
85.87104
85.93183
86.07836
86.21921
86.29132
86.35044
86.39929
86.43134
86.50393
86.68182
86.72395
86.79423
86.8265
86.89263
86.90872
86.99625
87.04167
87.15317
87.37861
87.41233
87.42302
87.54403
87.56619
87.66663
87.83909
87.85522
87.90982
88.03123
88.03684
88.15324
88.38833
88.42203
88.57092
88.98308
89.00539
89.11955
89.12434
89.33927
89.483
89.81921
89.87009
90.13409
90.14768
90.28184
90.38755
90.44244
90.87361
91.27149
91.3296
91.37953
91.57866
91.58622
92.04932
92.10564
93.20355
93.62053
