1.670072
1.541043
1.807072
1.161859
2.30692
2.413181
2.080483
2.169691
2.401897
2.523363
2.906787
2.225943
3.788833
3.03178
3.867918
3.674169
3.903385
3.670498
3.280366
4.938354
4.869215
4.392899
4.501307
4.775724
4.268365
4.496459
4.127252
5.502812
5.695033
5.888855
5.492737
5.722188
5.267517
5.383273
5.490396
6.14497
6.92237
6.129214
6.891092
6.295889
7.566821
7.487156
7.506737
7.283625
7.24096
7.770117
7.962075
7.154995
7.25899
7.589871
8.578904
8.69314
8.571376
8.07926
8.642474
8.911472
8.349136
8.837271
9.79694
9.548887
9.489322
9.528387
9.518917
9.346792
9.2442
9.210638
9.57173
10.09117
10.73816
10.11026
10.42815
10.29141
10.28963
10.24629
10.31476
10.24384
10.52954
11.25842
11.99875
11.42094
12.99717
12.78357
12.30248
12.64322
12.57603
12.734
12.22974
13.92436
13.20659
13.15592
13.60425
13.73457
13.36288
13.94343
13.89942
13.85993
13.8828
13.07229
14.69277
14.40533
14.22106
15.70416
15.3539
15.98859
15.88025
15.25347
15.5098
15.30789
15.77263
15.01996
15.98406
15.2978
16.5479
16.79969
16.18616
16.82561
16.04494
16.06394
16.3727
16.97752
16.63289
16.28829
17.1423
17.83688
17.46364
17.51308
17.79834
17.74139
17.85328
17.70838
18.91041
18.45447
18.98834
18.48854
19.81736
19.67008
19.48501
19.8234
19.35863
19.50297
20.92968
20.76117
20.75142
20.24352
20.36749
20.29906
20.9419
20.6916
20.10851
20.44497
21.6347
21.08506
21.95034
21.46056
21.10832
21.91927
22.8594
22.6938
22.90244
22.29299
22.6113
22.67235
22.97824
22.5493
22.17774
22.00177
23.20879
23.39301
23.66016
23.54099
23.37405
23.20071
23.22972
23.61314
24.58446
24.2223
24.1
24.59888
24.0086
24.41825
24.49286
24.45472
25.86614
25.20449
25.34648
25.49943
25.40504
25.58391
25.23545
26.59794
26.81905
26.44016
26.94769
26.44205
26.27755
26.92323
27.75657
27.42474
27.4313
27.34589
27.6352
27.70439
27.16394
27.97533
27.63798
27.92204
27.86344
27.43055
27.28729
27.66131
27.52897
28.08755
28.65172
28.26314
28.24971
28.8805
28.77072
28.81239
28.62137
28.08522
28.54854
28.8162
28.17669
28.97944
28.23845
29.96299
29.04755
29.90895
29.24065
29.39488
29.10236
29.21506
29.09749
29.78851
29.81468
29.53943
29.34432
30.84797
30.7875
30.41994
30.54734
30.93316
30.52329
30.17185
30.4697
30.5009
30.1551
30.3503
30.06493
30.39271
30.04411
30.50958
30.82045
31.03966
31.591
31.92406
31.02604
31.86602
31.81513
31.15318
31.09815
31.47294
31.11958
31.8927
31.93393
31.65721
31.14919
31.99332
31.22793
32.56199
32.47751
32.0699
32.26259
32.56238
32.14116
32.3087
32.27124
32.45674
32.70111
33.55693
33.87794
33.09191
33.57371
33.74932
33.69531
33.31817
33.78994
33.06647
33.45648
33.05089
33.82918
33.20125
33.27148
33.88547
34.93397
34.4043
34.46304
34.62121
34.11074
34.33509
34.4584
34.59146
34.7164
34.96441
34.28591
34.32788
34.96623
34.27059
34.86908
35.53804
35.27539
35.85536
35.71706
35.43575
35.67592
35.90606
35.92631
35.88957
35.89026
35.39614
35.66977
35.27422
35.21889
35.14438
35.12706
36.51265
36.99206
36.97074
36.39504
36.85671
36.47081
36.02687
36.64796
37.07529
37.54918
37.60666
37.7632
37.28092
37.56719
37.44258
37.41717
37.28544
37.78422
37.88288
37.45496
38.82408
38.57731
38.25592
38.79723
38.02872
38.9573
38.08064
38.88618
38.94015
38.55178
38.55952
38.62201
38.62592
38.90509
38.8999
38.00417
38.83138
38.81393
38.38613
38.75015
38.26294
38.26828
38.6545
38.96072
38.30354
39.25773
39.15636
39.73294
39.19762
39.83177
39.68687
39.82711
39.72511
39.76066
39.94124
39.95836
39.93198
39.84108
39.948
39.86691
40.27988
40.47193
40.48277
40.68816
40.95702
40.67715
40.12567
40.29875
40.76695
40.81515
41.56434
41.20406
41.92132
41.69166
41.34656
41.25678
41.84361
41.16614
41.57262
41.32599
41.48239
41.05302
41.17791
41.77165
41.43994
42.05165
42.32759
42.1561
42.41181
42.5215
42.76136
42.25859
42.92643
42.56925
42.00012
42.756
42.09737
42.04778
42.26857
42.83932
43.06013
43.77732
43.07677
43.25703
43.20153
43.46308
43.26695
43.63675
43.38354
43.96725
43.77559
43.54315
43.84106
43.72843
43.75089
43.03005
43.56301
44.24332
44.73369
44.17558
44.43948
44.63376
44.11968
44.35597
44.98061
44.47319
44.2752
44.55484
44.30662
44.37168
44.49269
44.46117
45.84922
45.37334
45.66462
45.19979
45.16874
45.30497
45.68675
45.84118
45.15379
45.01677
46.10932
46.28411
46.17545
46.54989
46.05663
46.2484
46.0809
46.80815
46.10982
46.43268
46.2791
47.27068
47.77788
47.69411
47.34499
47.78219
47.68801
47.67251
47.10401
47.86519
47.52754
47.84816
47.2055
47.3586
47.75417
47.07402
47.79159
47.60426
48.25845
48.95514
48.00035
48.28165
48.01935
48.09631
48.66002
48.76895
48.5158
48.43809
48.81737
48.49053
48.7063
48.9789
48.47879
48.60057
48.39158
48.49062
48.12876
48.95559
48.20139
49.034
49.13739
49.31384
49.05491
49.91961
49.65629
49.01299
49.12752
49.02046
49.21333
49.17455
49.18929
49.4918
49.18885
49.93034
49.79242
49.45244
49.69194
49.42094
50.71416
50.75814
50.23277
50.74873
50.9972
50.49373
50.96469
50.26699
50.24729
50.3666
50.69303
50.39226
50.52858
50.17204
50.13287
50.26248
50.92494
51.99543
51.79859
51.81045
51.671
51.60271
51.2901
51.7964
51.58105
51.63779
51.15543
51.03194
51.97
51.75134
51.86024
51.44944
51.29117
51.29727
52.57324
52.31044
52.5032
52.0212
52.02766
52.65876
52.59558
52.36256
52.13029
52.45668
52.51197
52.59774
52.47993
52.50608
52.51852
53.39343
53.83993
53.94767
53.83046
53.51131
53.42483
53.72097
53.88899
53.23333
53.98262
53.90913
53.06535
53.35528
53.13515
53.2739
53.71939
53.20154
53.37729
53.76332
53.09376
53.77493
53.63743
53.17079
53.97965
53.49615
53.56118
54.46226
54.85126
54.24545
54.97256
54.27669
54.04986
54.5541
54.48906
54.63776
54.13943
54.64011
54.40579
54.69066
54.88388
54.62248
54.83887
54.98935
54.48649
54.16932
54.4095
55.25665
55.11329
55.46668
55.32132
55.01253
55.13789
55.25853
55.71657
55.67638
55.5133
55.36961
55.35827
55.97061
55.96974
55.16532
55.50499
55.61254
55.15021
55.96389
56.53078
56.86018
56.50326
56.53007
56.72
56.79845
56.68375
56.15272
56.67864
56.12889
56.68709
56.76351
56.77408
56.00425
56.45137
56.35393
57.14029
57.51741
57.23907
57.88478
57.06935
57.40693
57.8301
57.92345
57.28776
57.38716
57.06786
57.28596
57.79638
57.13649
57.25596
57.83856
57.81339
57.08992
57.65429
57.61266
57.52914
57.96049
57.75743
57.85372
57.88021
57.52093
57.95241
57.1224
57.76289
57.21665
58.23956
58.87474
58.59631
58.25212
58.04348
58.77435
58.73246
58.92769
58.03616
58.62228
58.73848
58.48779
58.44922
58.76583
58.43115
58.0652
58.37069
58.60099
58.0822
58.9122
58.66785
58.95024
58.735
58.79225
58.22771
58.31841
58.91389
58.16609
58.21466
58.4547
58.12502
59.67124
59.04732
59.38521
59.96468
59.88715
59.46717
59.50808
59.03158
59.93526
59.54029
59.21345
59.19712
59.27535
59.71252
59.77256
59.30354
59.08955
59.51991
59.18931
59.28811
59.98486
60.96578
60.74178
60.98713
60.09777
60.20108
60.00868
60.87598
60.30071
60.65032
60.32421
60.52318
60.35267
60.29974
60.84104
60.47594
60.9056
60.1484
60.47534
60.04608
61.4893
61.01516
61.20298
61.77268
61.87363
61.85752
61.97151
61.15244
61.5496
61.76877
61.30835
61.16614
61.73044
61.64896
61.94812
61.16332
61.25456
61.37843
62.01887
62.40193
62.15007
62.91527
62.25908
62.48521
62.50921
62.31025
62.14513
62.54528
62.78998
62.04321
62.99742
62.05063
62.3161
62.90315
62.66714
62.95876
62.01918
62.00812
62.54795
62.62017
62.31637
63.95321
63.4179
63.45877
63.83856
63.25175
63.28197
63.61988
63.26721
63.50867
63.83777
63.71696
63.52018
63.65218
63.06881
63.56194
63.1386
63.59549
63.84041
63.14445
63.39451
63.54804
63.65978
63.63956
63.87219
64.71725
64.39929
64.39512
64.06768
64.10301
64.32275
64.70566
64.6707
64.34168
64.87388
64.40565
64.47326
64.02229
64.27602
64.81468
64.46783
64.52564
64.68557
64.00293
64.53818
64.7946
64.19478
64.68511
65.28874
65.28101
65.28657
65.08636
65.15094
65.1743
65.84632
65.16164
65.99871
65.79929
65.684
65.47444
65.07056
65.12691
65.93926
65.41502
65.2079
65.23145
65.04024
65.57346
66.41828
66.48718
66.21414
66.33083
66.84594
66.05278
66.5643
66.73738
66.9678
66.43424
66.91678
66.69726
66.78369
66.82819
66.15807
66.5955
66.68664
66.58769
66.40436
66.86819
66.95468
66.4624
66.93948
66.15955
66.47471
66.09398
66.16885
66.83349
66.84964
67.51724
67.24153
67.63306
67.4933
67.9112
67.60176
67.84574
67.08925
67.35819
67.95352
67.72296
67.49155
67.43676
67.1625
67.11827
67.57883
67.02254
67.21261
67.88223
68.3139
68.82909
68.04397
68.55314
68.99555
68.37043
68.81628
68.69685
68.0504
68.01517
68.43987
68.57502
68.13987
68.78593
68.23688
68.63073
68.23692
68.83004
68.50303
68.62876
68.90424
68.9927
68.0231
68.26755
68.23027
68.14084
68.64119
68.66256
69.96133
69.16876
69.76223
69.89386
69.35694
69.96059
69.65879
69.28432
69.40149
69.97945
69.44896
69.1687
69.65602
69.31034
69.3589
69.74827
69.9258
69.33726
69.72908
69.47962
69.72011
69.17452
69.03649
69.60641
69.73658
69.39216
70.70738
70.9196
70.78866
70.70792
70.25758
70.86981
70.59555
70.71178
70.68998
70.01742
70.21959
70.48413
70.05499
70.62782
70.68239
70.32488
70.5295
70.27779
70.46653
70.50452
70.79296
70.62642
70.4766
70.27157
70.0335
70.711
70.5767
70.19497
71.18749
71.53776
71.84994
71.39083
71.8734
71.67524
71.18508
71.97312
71.68587
71.49929
71.58866
71.09028
71.79632
71.60783
71.0049
72.24228
72.19153
72.03327
72.46092
72.49606
72.63567
72.90489
72.01151
72.0363
72.66336
72.41884
72.64553
72.11878
72.84751
72.57028
72.19557
72.22319
72.66978
72.94046
72.2168
72.92718
73.95042
73.17394
73.12227
73.73795
73.87843
73.54878
73.62889
73.92583
73.52328
73.64305
73.33656
73.11747
73.57966
73.04159
73.79709
73.53059
73.67548
73.12789
73.01436
73.26111
73.87012
73.64172
73.20128
73.4759
73.24151
73.40866
73.92116
73.84522
73.07703
74.81438
74.15493
74.526
74.36375
74.74072
74.57043
74.64141
74.10927
74.49048
74.10766
74.72558
74.24022
74.03259
74.62533
74.98906
74.57499
74.21156
74.41394
74.44889
74.0117
74.96536
74.69994
74.22493
74.62419
74.20843
74.2822
74.19367
75.08263
75.10403
75.07128
75.7731
75.99513
75.90742
75.75855
75.27873
75.68147
75.50774
75.6854
75.84148
75.62949
75.90695
75.05647
75.47008
75.61103
75.80815
75.82084
76.26126
76.30415
76.18173
76.67872
76.04963
76.94861
76.5555
76.78317
76.84443
76.7662
76.43814
77.00868
77.35284
77.11364
77.48827
77.42245
77.38143
77.38981
77.64082
77.50478
77.00511
77.52141
77.79558
77.76838
77.57665
77.08026
77.43134
77.86832
77.3527
77.03647
78.28028
78.24519
78.92404
78.82794
78.93244
78.15022
78.67311
78.54404
78.19538
78.55288
78.9589
79.52401
79.77558
79.28418
79.24275
79.28641
79.79211
79.62897
79.89075
79.45142
79.72361
79.95448
79.61348
79.39138
80.46219
80.828
80.06334
80.76064
80.25719
80.67356
80.13408
80.22364
80.30778
80.8737
80.68036
80.90757
80.30197
80.61356
80.98886
80.662
81.26641
81.66877
81.65564
81.64528
81.44727
81.79871
81.56268
81.58979
81.93264
81.94859
81.59885
81.92049
81.81169
81.44376
81.5219
82.09713
82.90985
82.511
82.42754
82.91641
83.64683
83.05695
83.6027
83.02412
83.95719
83.46396
83.78046
83.97162
83.59851
84.81759
84.52247
84.97708
84.95637
84.89239
84.25217
84.59777
84.29768
84.12684
85.40167
85.80324
85.19936
85.54257
85.04145
85.15791
85.40385
86.24698
86.10698
86.49274
86.86286
86.20854
86.48473
86.29629
86.51806
87.30931
87.97782
87.37358
87.60854
87.56377
87.00059
87.03992
87.8951
87.24484
87.99793
87.76573
87.04596
87.63839
88.13124
88.67118
88.55847
88.54825
88.88457
89.94123
89.80257
89.5592
89.56125
89.56376
89.08443
90.91185
90.31957
90.30654
90.84613
90.50436
90.0508
