1.955696
2.89237
3.117691
3.337172
5.929329
6.026292
6.604961
6.927401
11.38669
11.7194
11.77797
13.34954
14.62102
14.84108
15.38657
16.53422
17.14762
17.62996
17.98763
18.46399
18.7867
18.79125
19.47542
20.04124
21.567
21.64707
22.1759
22.44973
23.40573
24.11289
24.28924
26.37188
27.25466
27.49915
28.34695
29.80031
30.26702
30.579
31.52062
31.69359
31.76121
31.8943
31.98687
32.22148
33.30689
33.46879
33.85169
35.801
36.36175
36.83588
37.83991
37.91616
38.58297
38.75651
38.88735
39.19664
40.07097
42.55038
46.06457
47.04597
47.0824
47.30998
47.45475
47.62326
48.14175
48.66163
48.85048
48.85715
49.82366
49.91323
51.02326
51.63652
51.97825
52.13839
52.70091
53.23325
53.23884
53.4064
53.52216
55.3721
56.24947
56.80992
57.16854
57.70937
58.36948
58.4544
58.46468
59.82923
60.64435
60.89204
61.21545
61.84991
62.62094
65.55762
66.28341
68.67625
69.02347
70.34934
70.74077
70.83486
