0.03841188
0.08126678
0.1088347
0.1360764
0.1787816
0.3346703
0.4007079
0.4047074
0.5886393
0.5973607
0.7189698
0.7669774
0.864062
0.8758956
0.9863336
1.015379
1.026316
1.034139
1.047661
1.12471
1.223224
1.266158
1.29851
1.346868
1.360796
1.431362
1.506012
1.590696
1.620387
1.69818
1.718476
1.758805
1.774724
1.783225
1.881747
1.944866
2.274835
2.298925
2.32658
2.332807
2.395504
2.443628
2.489128
2.500419
2.534468
2.543536
2.5773
2.649276
2.879512
2.880718
3.107029
3.1315
3.158696
3.304293
3.363385
3.382266
3.480812
3.51558
3.65689
3.661057
3.695349
3.713763
3.730567
3.820977
3.970103
4.065927
4.085981
4.104479
4.111756
4.253477
4.270507
4.351757
4.355786
4.435281
4.608319
4.697127
4.759595
4.792651
4.914313
4.921024
4.974042
5.18788
5.217044
5.219822
5.445129
5.494578
5.555014
5.929559
6.009729
6.0253
6.04363
6.071603
6.120004
6.152293
6.337241
6.369277
6.52551
6.559724
6.56446
6.603738
6.73072
6.818801
6.996513
7.124298
7.18086
7.188412
7.285504
7.288532
7.357983
7.56431
7.622345
7.66103
7.788664
7.805556
7.854461
7.863738
7.877983
7.881822
7.895593
8.092448
8.256789
8.268975
8.27968
8.283446
8.400141
8.65486
8.839585
8.84622
8.983107
9.12422
9.127271
9.303761
9.351614
9.39046
9.597118
9.634107
9.707073
9.737301
9.777313
9.834551
10.09506
10.11992
10.12888
10.13295
10.21159
10.22479
10.27893
10.32691
10.32696
10.38023
10.38679
10.45777
10.47199
10.60861
10.65507
10.67375
10.68555
10.80602
11.02772
11.03221
11.04118
11.14777
11.18881
11.51852
11.55146
11.5819
11.65632
11.72507
11.89508
11.98661
12.0592
12.14085
12.28663
12.3998
12.40877
12.59278
12.60207
12.63922
12.67972
12.82011
12.84666
12.973
12.99912
13.08446
13.08573
13.0898
13.42527
13.42859
13.46777
13.48529
13.57332
13.57782
13.64469
13.66154
13.70139
13.70325
13.80706
13.86151
13.98872
14.11928
14.47321
14.53866
14.65687
14.72076
14.73417
14.74917
14.9143
14.94319
14.97796
15.03721
15.18907
15.2216
15.25009
15.29319
15.29721
15.38473
15.52314
15.55186
15.61287
15.99993
16.07673
16.10691
16.23298
16.26275
16.2829
16.44415
16.59941
16.70407
16.75354
16.77101
16.77579
16.90185
16.93293
16.96197
17.02495
17.17467
17.18052
17.21434
17.37497
17.53953
17.61192
17.82518
17.87935
17.90759
17.97592
18.12575
18.37846
18.39813
18.51388
18.53877
18.64604
18.68428
18.76968
18.78109
18.7929
18.81169
18.92715
18.97852
19.11286
19.13556
19.1787
19.20855
19.25566
19.29278
19.35554
19.37564
19.37841
19.54803
19.59684
19.7211
19.73429
19.79509
19.80366
19.84059
19.94504
19.96306
20.00295
20.06261
20.08802
20.09293
20.31252
20.32655
20.3846
20.44069
20.48414
20.49037
20.74083
20.78258
20.80469
20.84343
20.90303
20.9333
20.94926
21.02401
21.03236
21.12947
21.21739
21.24761
21.32361
21.45881
21.49186
21.59556
21.78671
21.84206
21.87921
21.99431
22.21396
22.22149
22.266
22.43456
22.5908
22.84364
22.91606
22.91918
22.93244
22.95452
23.07241
23.21931
23.2696
23.43304
23.75797
23.77454
23.79899
23.91964
23.95882
23.97232
23.99632
24.00212
24.01704
24.20527
24.21002
24.22037
24.26458
24.36015
24.45369
24.54466
24.76471
24.79585
24.93408
25.00655
25.37043
25.39067
25.48255
25.51113
25.58935
25.78757
25.78934
25.80064
25.8051
25.81951
25.82063
25.82227
25.88342
25.91953
25.99615
26.00416
26.0536
26.05682
26.16521
26.23638
26.26813
26.31349
26.31448
26.33387
26.41034
26.48223
26.54931
26.5761
26.61676
26.69203
26.73602
26.78553
26.79029
26.95809
26.98882
27.04032
27.19375
27.22931
27.33842
27.36972
27.57588
27.61388
27.6264
27.6331
27.69298
27.71707
27.74632
27.75196
27.90058
27.90941
27.98327
28.07736
28.12713
28.1358
28.17862
28.28038
28.29775
28.30674
28.35393
28.35455
28.37686
28.44382
28.50434
28.50644
28.50671
28.55343
28.57815
28.6027
28.61164
28.73878
28.79796
28.82916
28.87007
28.87771
29.05776
29.0887
29.21316
29.22865
29.35825
29.39927
29.40219
29.49656
29.53922
29.54447
29.61507
29.63005
29.76575
29.78671
30.07672
30.20467
30.26435
30.3363
30.34131
30.52545
30.55119
30.63699
30.75475
30.96986
30.98346
31.01352
31.13422
31.15766
31.17016
31.17693
31.18894
31.24998
31.25528
31.3578
31.42594
31.69189
31.69629
31.70901
31.77483
31.97013
31.99342
32.01507
32.11713
32.13828
32.14543
32.24475
32.27905
32.60491
32.62873
33.02456
33.03356
33.0486
33.10505
33.21135
33.26359
33.54997
33.64565
33.68039
33.69166
33.79219
33.79479
33.8533
34.09225
34.15449
34.17188
34.35445
34.37504
34.4636
34.54079
34.56009
34.56912
34.58421
34.58441
34.67085
34.68726
34.814
34.86748
34.87553
35.00317
35.05414
35.1489
35.17416
35.18852
35.54643
35.62449
35.72312
35.74327
35.90696
35.9094
36.09558
36.19723
36.31629
36.41492
36.42581
36.60852
36.80156
36.81144
36.85827
36.95875
37.02284
37.1781
37.23342
37.26986
37.44422
37.5108
37.5555
37.57649
37.64451
37.66311
37.73817
37.76892
37.97573
38.07467
38.11381
38.35106
38.50068
38.55837
38.78772
38.85523
38.94193
38.95367
38.95873
38.97894
39.02246
39.03137
39.1994
39.27554
39.29577
39.3017
39.42484
39.52744
39.7568
39.79273
39.93479
39.93795
39.9441
40.13436
40.20567
40.2217
40.24668
40.29939
40.34977
40.40737
40.41538
40.41963
40.55142
40.55917
40.61539
40.66148
40.69014
40.77812
40.78708
40.906
40.91931
40.92462
41.0506
41.13564
41.14986
41.18167
41.27503
41.29716
41.54939
41.54993
41.66687
41.68067
41.72476
41.72977
41.76696
41.79298
41.82681
41.87989
41.88171
41.91649
41.98638
42.02477
42.07112
42.08019
42.16411
42.18195
42.22653
42.24996
42.25676
42.28407
42.47454
42.48707
42.51911
42.65136
42.74656
42.92902
42.96576
43.12274
43.27019
43.29008
43.30752
43.3893
43.42072
43.49194
43.55588
43.58071
43.65833
43.76122
43.80633
43.89412
44.00294
44.03554
44.08129
44.16292
44.18938
44.20444
44.3728
44.44729
44.45402
44.49503
44.49809
44.56955
44.58838
44.66068
44.66932
44.71136
44.74144
44.87041
45.23143
45.3256
45.40305
45.84338
45.87368
45.89986
45.91259
45.96202
45.98361
46.11346
46.17149
46.18926
46.19972
46.24383
46.31996
46.59434
46.61218
46.77848
46.89092
46.94955
47.03628
47.07525
47.32765
47.33064
47.39154
47.40624
47.46531
47.48719
47.64413
47.70488
47.86356
47.89458
47.96133
48.05632
48.09729
48.15579
48.16544
48.27002
48.40144
48.44285
48.50093
48.555
48.65456
48.72274
48.81644
48.83251
48.87443
48.94502
48.94666
48.95654
49.00691
49.12161
49.1584
49.23186
49.2871
49.33809
49.36153
49.3818
49.39865
49.4169
49.56142
49.57083
49.59064
49.62773
49.66163
49.6926
49.70859
49.78221
49.82546
49.89537
50.06052
50.07078
50.1804
50.18687
50.20137
50.282
50.33498
50.34887
50.38308
50.42937
50.56004
50.60564
50.64994
50.83723
51.09472
51.17251
51.22993
51.30688
51.46204
51.47492
51.56287
51.78994
51.80068
51.89216
51.94642
52.00684
52.17125
52.19103
52.30008
52.32831
52.348
52.35118
52.37947
52.50483
52.71832
52.79543
52.92957
52.93348
52.94521
52.97986
53.03138
53.16937
53.17415
53.17851
53.18317
53.19142
53.19325
53.43524
53.46688
53.48148
53.56284
53.56723
53.67664
53.73654
53.83209
53.85364
54.02164
54.05037
54.06435
54.0831
54.24602
54.29694
54.39925
54.53191
54.53345
54.57692
54.57904
54.82306
54.82433
54.94029
55.00372
55.00655
55.07227
55.20139
55.23952
55.26703
55.31089
55.38938
55.43924
55.51175
55.65047
55.71842
55.72745
55.79012
55.82416
55.87497
56.05004
56.2397
56.28828
56.40016
56.4905
56.49466
56.50842
56.55455
56.63956
56.7306
56.8342
57.36152
57.3701
57.53143
57.7815
57.9528
58.02755
58.11962
58.13564
58.16191
58.16808
58.21726
58.24862
58.2789
58.3195
58.45067
58.49918
58.73118
58.81256
58.96104
58.97942
59.03112
59.09504
59.10853
59.16192
59.16594
59.17547
59.2022
59.21651
59.22787
59.29741
59.57186
59.59268
59.63782
59.78593
59.86726
59.87301
59.93752
59.99127
60.04723
60.30752
60.33134
60.36779
60.51445
60.54302
60.77514
60.78895
61.0088
61.04693
61.11233
61.13403
61.15547
61.17046
61.21804
61.35075
61.4711
61.50173
61.53008
61.56371
61.58449
61.64792
61.69045
61.71569
61.71999
61.87716
61.94687
61.99939
62.11689
62.17581
62.59348
62.61722
62.76202
62.93698
62.97383
62.99181
63.08415
63.12641
63.15026
63.15933
63.35296
63.36204
63.36682
63.44228
63.46492
63.54018
63.7372
63.84225
63.88832
64.06201
64.07477
64.18637
64.22653
64.23003
64.34795
64.43986
64.44733
64.45206
64.49668
64.50818
64.52291
64.64361
64.66933
64.70799
64.77361
64.7993
64.80011
64.80316
64.8088
64.87221
64.92286
64.95593
65.03276
65.09023
65.15007
65.24611
65.44495
65.50799
65.51686
65.56931
65.6493
65.88981
65.93149
65.99943
66.08761
66.09174
66.11428
66.34681
66.34878
66.73271
66.79383
66.79413
67.00232
67.11692
67.15469
67.15724
67.18429
67.40797
67.41785
67.50153
67.52867
67.54041
67.76311
67.80293
67.81023
68.02036
68.02166
68.11651
68.15946
68.44908
68.46318
68.49513
68.54447
68.6158
68.73014
68.81386
68.91383
68.93172
69.09023
69.1064
69.13254
69.25269
69.25998
69.36465
69.40332
69.42781
69.76122
69.76479
69.78547
69.97966
70.00127
70.07631
70.10377
70.16904
70.18157
70.18304
70.20783
70.26318
70.33163
70.33455
70.39025
70.42405
70.48044
70.71534
70.8308
70.86492
70.97185
71.169
71.32229
71.41129
71.47321
71.56854
71.71271
71.71631
71.7406
71.74279
71.81925
71.91327
71.94274
71.95862
