0.1986942
0.3826707
0.3831515
0.5026472
0.5419093
0.749408
0.8971673
1.08072
1.107293
1.166927
1.246665
1.367459
1.403892
1.426578
1.488857
1.533051
1.558653
1.574059
1.592867
1.594374
1.653272
1.736117
1.759786
1.837134
1.897292
2.054538
2.078638
2.145478
2.18553
2.36815
2.423827
2.493543
2.540798
2.556466
2.600386
2.641998
2.82623
2.920465
2.952506
3.146263
3.280955
3.330334
3.500352
3.708758
3.77546
3.855089
3.877274
3.973071
4.098923
4.168468
4.169468
4.178079
4.244836
4.365141
4.520134
4.885722
5.018331
5.059827
5.083567
5.09139
5.132689
5.150773
5.153115
5.230896
5.383553
5.41728
5.504251
5.644121
5.677437
5.728971
5.753327
5.908457
5.951714
5.974229
5.983644
6.025375
6.062864
6.067414
6.073477
6.435201
6.505923
6.556638
6.739368
6.906907
7.024448
7.038651
7.114702
7.130625
7.202539
7.232148
7.605504
7.631814
7.644219
7.859998
7.974398
8.126043
8.203162
8.311695
8.361522
8.371505
8.373637
8.388295
8.787275
8.842086
8.914746
9.011434
9.200468
9.272215
9.356159
9.467293
9.52125
9.616609
9.621876
9.656029
9.809335
9.862847
9.906105
9.947483
9.959209
10.23824
10.3988
10.40239
10.47485
10.47672
10.56977
10.69055
10.71014
10.86579
10.8845
10.99989
11.12127
11.27738
11.29548
11.31185
11.37299
11.43413
11.48426
11.61405
11.6333
11.63587
11.73918
11.83283
11.90717
11.97024
12.06483
12.16475
12.23058
12.23354
12.24314
12.28381
12.28501
12.37686
12.40105
12.44655
12.45929
12.49937
12.60774
12.65161
12.66706
12.71488
12.7719
12.78343
12.85459
12.86665
12.8876
13.08741
13.12199
13.19306
13.40063
13.4011
13.41886
13.50659
13.51355
13.54011
13.70336
13.76599
13.93111
13.95962
14.04526
14.0554
14.06013
14.12348
14.13404
14.19933
14.27026
14.31328
14.40731
14.49546
14.50677
14.55377
14.6146
14.65916
14.72762
14.82962
14.93202
15.18523
15.24105
15.28121
15.3263
15.36447
15.38353
15.43899
15.45597
15.48721
15.5289
15.66544
15.75643
15.83986
15.90064
16.10873
16.17221
16.17918
16.23911
16.24002
16.33583
16.36668
16.40163
16.4468
16.48615
16.7769
16.97024
17.0574
17.11857
17.16197
17.25535
17.38456
17.474
17.54262
17.5817
17.61476
17.69374
17.72189
17.82284
17.85465
17.86219
18.00541
18.00817
18.02342
18.05506
18.08364
18.10926
18.27357
18.47089
18.52478
18.54403
18.61432
18.75051
18.79509
18.88502
18.93368
19.01021
19.04474
19.23921
19.26049
19.2743
19.30283
19.41339
19.46379
19.53857
19.5787
19.73904
19.87799
19.88457
19.94681
19.9654
19.98413
20.00971
20.07464
20.08768
20.14802
20.18818
20.22932
20.2882
20.29974
20.35773
20.37389
20.46611
20.54375
20.56142
20.56309
20.6439
20.6881
20.76535
20.77381
20.81903
20.83305
20.83575
20.86059
20.87955
20.91709
20.96565
20.97263
20.98399
21.15581
21.2582
21.26027
21.37644
21.56443
21.65175
21.77323
21.82041
21.8669
22.04796
22.0621
22.12439
22.17585
22.19091
22.20468
22.22053
22.22286
22.44541
22.45505
22.50151
22.54637
22.6657
22.67422
22.67771
22.78986
22.83451
22.92133
22.9445
22.96237
22.96399
22.99152
23.0254
23.02742
23.06053
23.07389
23.18508
23.32065
23.33068
23.45014
23.55853
23.56439
23.57027
23.71261
23.71334
23.76164
23.76773
23.90143
24.02336
24.1168
24.16142
24.24295
24.26103
24.31663
24.44489
24.54007
24.55809
24.60906
24.67381
24.74794
24.8219
24.87666
25.17559
25.19942
25.28487
25.54454
25.61693
25.68534
25.78082
25.81892
25.88215
25.89646
25.92081
25.94826
26.15747
26.16053
26.19149
26.35286
26.36279
26.48466
26.48883
26.49838
26.50492
26.57008
26.62709
26.71418
26.79516
27.01433
27.07038
27.0971
27.18019
27.56463
27.62715
27.74787
27.78051
27.79836
27.89585
27.91384
28.07165
28.10434
28.23491
28.31647
28.33615
28.35986
28.36171
28.39743
28.45083
28.46063
28.49363
28.55467
28.61285
28.68492
28.79503
28.81039
28.82827
28.86634
28.88764
28.92804
29.16145
29.23174
29.40278
29.44775
29.53349
29.63412
29.73327
29.7521
29.7559
29.77983
29.92427
30.04626
30.08311
30.10666
30.11285
30.20202
30.22264
30.2299
30.23006
30.27088
30.599
30.61987
30.61988
30.67783
30.78422
30.79679
30.89347
30.97477
30.98193
31.00876
31.03231
31.06353
31.06782
31.08323
31.14071
31.15274
31.28652
31.32237
31.35491
31.48329
31.58201
31.59242
31.65232
31.65631
31.69101
31.69603
31.78265
32.06379
32.1088
32.15439
32.31423
32.46588
32.47162
32.50752
32.57286
32.58956
32.5978
32.7703
32.79166
32.86588
33.02349
33.16239
33.24141
33.43729
33.49856
33.62843
33.63123
33.63594
33.6433
33.67998
33.81844
33.90614
33.95007
33.95621
33.96836
34.1591
34.21239
34.24472
34.33303
34.76718
34.78034
34.99481
35.06154
35.24206
35.28246
35.29666
35.42044
35.61394
35.95529
36.13308
36.14736
36.21713
36.29677
36.30023
36.32762
36.384
36.41539
36.58961
36.68304
36.90748
36.95986
36.99149
37.04266
37.14063
37.41585
37.50887
37.52898
37.60575
37.61547
37.65775
37.66551
37.69872
37.70689
37.76368
37.82113
37.98582
38.0829
38.43651
38.44817
38.48596
38.55912
38.56567
38.5786
38.87648
38.88843
39.09126
39.1393
39.18494
39.25834
39.31647
39.39986
39.41399
39.42122
39.42845
39.56943
39.6282
39.74357
39.76764
39.77269
40.01231
40.04516
40.13559
40.32081
40.56345
40.57231
40.58806
40.59068
40.93659
40.98379
41.02749
41.08175
41.17135
41.18364
41.27877
41.47661
41.54922
41.56625
41.60997
41.70704
41.71256
41.73044
41.7449
41.78423
41.81665
41.88057
41.95875
41.97066
42.05272
42.11343
42.23056
42.23073
42.27756
42.3194
42.44744
42.50287
42.5391
42.57331
42.58556
42.60768
42.64377
42.64441
42.70409
42.92171
43.03429
43.0572
43.08035
43.27048
43.45829
43.5034
43.54397
43.79593
43.80644
43.84574
43.9617
44.00017
44.14917
44.1501
44.20529
44.34939
44.57909
44.59389
44.64905
44.68852
44.72763
44.78913
44.79137
44.80915
44.82817
44.95707
44.96973
45.06267
45.2262
45.31896
45.39383
45.43242
45.44172
45.52504
45.52592
45.76242
45.89968
45.9997
46.10346
46.15276
46.34084
46.40468
46.42093
46.50366
46.52491
46.69219
46.6977
46.82365
46.82579
46.89396
46.92993
47.06574
47.08476
47.20708
47.26689
47.27358
47.29057
47.31847
47.32773
47.63192
47.68229
47.73847
47.96151
48.18456
48.23987
48.24982
48.26744
48.31529
48.34158
48.34481
48.36847
48.37542
48.50053
48.54439
48.56066
48.64037
48.64638
49.02805
49.10142
49.15063
49.20908
49.28562
49.31416
49.36489
49.44189
49.54294
49.67249
49.76793
49.84995
49.91785
49.94667
50.0644
50.1092
50.13635
50.16677
50.23746
50.24648
50.29846
50.34246
50.37973
50.44522
50.46883
50.48695
50.49143
50.51613
50.58078
50.69153
50.78688
50.9284
51.05069
51.2071
51.21071
51.27774
51.36546
51.54226
51.54834
51.57866
51.70842
51.76782
51.80276
51.81848
51.8544
51.89926
51.98894
52.09107
52.18506
52.19538
52.20424
52.40495
52.43364
52.45971
52.50097
52.50526
52.50546
52.50913
52.55081
52.59491
52.66754
52.70822
52.94671
52.96773
53.06703
53.07726
53.09684
53.16075
53.33361
53.49607
53.5781
53.58843
53.67898
53.91591
53.97901
53.98978
54.26884
54.29681
54.37807
54.40775
54.54005
54.55072
54.6193
54.6304
54.63439
54.68683
54.74663
54.76016
54.78424
54.89947
54.91418
54.91865
54.96503
55.02883
55.16626
55.17659
55.39865
55.43377
55.48908
55.53175
55.54907
55.6439
55.65256
55.6885
55.74222
55.9138
56.04144
56.0455
56.05808
56.26417
56.35227
56.44253
56.50095
56.54453
56.63122
56.63773
56.70879
56.8857
57.10318
57.13924
57.28067
57.35246
57.38304
57.44624
57.52265
57.65857
57.68407
57.75573
57.77453
57.82924
57.86711
57.86817
57.95847
57.96402
58.03644
58.11699
58.16751
58.21386
58.28256
58.28865
58.29547
58.30679
58.30981
58.52482
58.5939
58.71081
58.89403
59.10355
59.14014
59.23353
59.27447
59.41457
59.49644
59.62904
59.63047
59.64816
59.75136
59.86671
59.93953
60.11128
60.24714
60.31601
60.41561
60.43767
60.49187
60.50209
60.57795
60.60401
60.72795
60.92385
61.11943
61.13118
61.21057
61.31349
61.32435
61.3247
61.38214
61.45754
61.59725
61.60775
61.70761
61.73691
61.73781
61.81606
61.84552
61.91925
61.92543
61.9341
62.00664
62.07607
62.13629
62.16886
62.41735
62.4331
62.63489
62.74071
62.76438
62.77318
62.85461
62.86538
62.86802
62.96263
62.98288
62.99587
63.05382
63.10113
63.11198
63.30829
63.40622
63.50307
63.55676
63.57316
63.60683
63.67955
63.7152
63.7244
63.92249
63.9488
64.00034
64.21889
64.23492
64.23981
64.25338
64.32142
64.50151
64.51261
64.54086
64.5777
64.64629
64.65007
64.72554
64.83969
64.93876
64.9887
65.03345
65.14709
65.15969
65.19654
65.23693
65.30123
65.33771
65.35316
65.36453
65.39406
65.41763
65.42698
65.44536
65.49043
65.68045
65.73001
65.8188
65.85545
65.8954
65.90032
66.07692
66.17751
66.29589
66.30114
66.57717
66.59743
66.74526
66.76707
66.9828
67.07433
67.10849
67.14308
67.19918
67.22274
67.22858
67.31329
67.32696
67.35635
67.39397
67.43066
67.52537
67.60737
67.71902
67.77762
67.77983
67.83227
67.91927
68.03416
68.05954
68.14616
68.16797
68.29754
68.30384
68.33298
68.38399
68.45085
68.52158
68.55265
68.64811
68.693
68.73504
68.74301
68.75714
68.76362
68.84218
69.17965
69.22302
69.31516
69.39087
69.50417
69.59184
69.66606
69.76348
69.84598
69.85029
70.11794
70.16202
70.18703
70.30741
70.30813
70.406
70.4637
70.72234
70.74773
70.8002
70.94174
70.99061
71.22234
71.46303
71.62332
71.7738
71.88347
71.89558
71.92626
71.95527
71.99826
